0.85
DIMENSION : 980
TOUR_SECTION
163
272
19
24
49
678
681
665
119
438
442
50
716
115
229
403
405
917
20
21
687
334
335
336
338
270
745
579
580
584
529
612
960
288
667
672
674
784
452
383
818
820
470
397
962
344
346
263
15
787
964
268
555
556
138
141
143
273
249
918
80
898
968
78
81
747
526
544
14
16
31
828
829
830
969
384
720
721
724
970
740
971
98
689
690
705
706
741
973
47
551
976
506
287
972
160
196
401
803
496
844
154
241
604
764
74
79
349
838
903
663
343
345
966
440
757
758
197
72
560
622
623
434
435
821
354
356
186
717
718
967
719
295
832
833
834
300
230
655
901
965
488
497
429
750
250
533
492
504
274
137
589
725
732
738
350
451
194
231
232
234
91
831
835
530
329
331
739
557
465
777
365
493
494
495
220
860
225
190
369
203
276
269
692
694
124
482
474
885
398
372
699
870
910
204
205
206
458
696
697
243
58
359
484
486
106
337
608
613
670
67
195
799
567
568
422
348
895
286
522
524
546
385
386
641
788
956
907
318
319
639
851
430
215
122
123
376
585
413
937
362
363
414
266
297
169
170
236
260
537
752
282
753
893
252
729
734
157
159
603
625
701
289
271
364
424
425
934
100
933
510
532
135
427
431
588
576
582
583
457
773
456
772
244
264
168
189
812
76
77
792
437
439
935
778
599
158
571
368
916
112
114
116
703
775
453
127
192
659
202
151
71
804
805
824
827
559
563
564
626
936
843
404
636
938
408
754
869
34
769
845
569
145
251
275
660
661
57
26
676
679
471
955
733
643
891
86
978
90
284
462
389
351
609
69
658
767
770
859
371
558
977
857
42
43
103
454
315
507
201
854
884
888
64
545
63
765
152
52
53
686
872
685
614
647
120
793
761
762
763
597
378
105
130
5
952
256
423
746
662
316
226
227
235
866
310
332
864
176
578
218
219
121
142
392
366
806
909
133
624
28
633
324
766
265
342
412
657
682
852
948
531
198
836
572
882
664
666
193
913
914
515
518
3
789
790
791
814
815
463
464
839
548
867
871
856
618
245
367
899
446
946
246
167
171
339
75
299
945
129
247
131
248
347
306
341
749
92
541
45
540
607
370
521
240
390
875
876
841
849
180
426
748
654
514
911
941
466
602
543
217
293
444
723
17
40
54
294
702
233
554
760
381
382
400
501
600
771
931
333
175
113
117
304
394
416
883
873
60
519
525
527
823
520
387
388
476
308
303
305
99
794
428
801
932
18
23
632
449
340
447
355
503
908
134
210
211
164
166
635
782
323
391
779
809
902
904
150
448
35
280
296
630
257
536
253
277
534
892
325
326
320
321
322
68
513
516
550
671
552
781
811
959
825
826
889
865
83
207
224
822
963
722
109
110
483
89
468
469
523
669
55
59
542
645
648
84
85
93
94
616
958
894
813
890
819
853
617
619
620
621
6
535
174
954
239
499
500
172
173
352
640
957
737
802
283
897
261
539
586
587
591
22
712
713
714
850
502
798
481
38
410
528
459
396
407
881
32
33
974
649
478
480
136
479
610
975
475
185
258
73
65
66
44
48
298
216
96
97
840
842
61
979
25
489
490
611
980
415
800
445
961
575
328
330
353
491
736
727
728
553
874
46
409
953
598
950
886
7
360
949
149
751
302
951
795
797
755
756
436
373
188
581
683
262
485
487
213
214
118
505
509
944
652
846
847
848
156
11
290
292
943
285
461
590
307
432
128
915
29
361
837
700
472
810
565
566
644
628
41
817
39
433
922
656
477
267
868
104
223
27
708
209
212
928
228
311
313
615
144
450
88
161
162
467
923
710
711
939
783
785
858
399
139
140
930
183
863
95
358
498
726
861
862
929
395
108
132
744
601
511
460
443
102
547
573
574
627
420
421
759
393
237
238
278
927
921
730
731
254
925
30
70
631
634
650
924
377
419
900
187
637
653
919
926
411
191
178
417
418
279
896
255
538
291
374
508
549
153
155
1
2
111
684
879
878
880
707
668
673
906
629
743
37
62
181
182
184
82
675
146
147
942
774
855
577
455
642
786
259
281
715
768
4
473
688
704
402
570
107
199
441
940
887
36
125
126
13
200
148
780
693
695
698
651
742
312
691
912
9
12
208
638
677
680
807
177
179
905
920
379
380
562
301
87
357
406
517
375
242
735
776
808
592
593
314
309
317
816
594
596
595
512
165
101
709
877
51
221
222
561
605
606
646
327
8
10
947
56
796
-1
