    double cooling_rate = 0.91;
DIMENSION : 980
TOUR_SECTION
863
95
333
771
931
600
501
381
382
400
233
554
760
17
40
54
294
723
702
394
416
304
175
113
117
883
873
60
519
525
527
823
520
387
388
476
308
218
219
578
176
864
310
332
866
316
226
227
235
662
423
746
256
5
952
130
265
324
766
28
633
624
133
909
366
806
121
142
392
303
305
99
794
428
801
932
18
23
632
449
264
168
189
812
76
77
792
437
439
935
778
599
158
571
368
916
112
114
116
703
775
453
127
192
659
190
369
203
225
860
220
202
465
777
365
493
494
495
67
195
799
567
568
422
348
895
286
522
524
546
385
386
641
788
956
907
318
319
639
851
430
215
122
123
376
585
106
337
608
484
486
613
670
58
359
266
297
362
363
414
413
937
169
170
236
260
537
752
282
753
893
372
398
252
729
734
699
870
910
204
205
206
458
696
697
243
276
269
692
694
124
482
474
885
289
271
364
424
425
934
100
933
510
532
135
427
431
588
576
582
583
457
773
456
772
244
358
498
726
861
862
929
395
228
209
212
928
708
27
104
223
868
267
477
656
922
858
390
240
875
876
841
849
180
426
748
370
521
540
607
45
541
92
749
341
306
248
131
347
292
943
11
290
156
652
846
847
848
628
565
566
644
505
509
944
118
485
487
213
214
262
285
299
945
129
247
75
339
167
171
246
446
946
245
367
899
618
786
867
871
856
548
839
463
464
814
815
789
790
791
518
3
913
914
515
193
882
664
666
373
188
581
683
461
590
307
432
128
915
29
361
837
700
472
810
836
198
852
948
531
682
412
657
342
685
614
647
120
793
761
762
763
597
643
891
86
978
90
284
462
389
351
609
69
658
767
770
859
371
558
977
857
42
43
103
454
315
507
201
854
884
888
64
545
63
765
152
52
53
686
872
727
728
553
874
46
409
953
598
950
886
7
360
949
149
751
302
951
795
797
755
756
436
572
796
51
221
222
561
605
606
646
379
380
562
301
87
357
406
517
375
242
735
776
808
592
593
314
309
317
816
594
596
595
512
165
101
709
877
259
281
715
768
4
473
688
704
402
570
107
199
441
940
887
36
125
126
13
200
148
780
693
695
698
651
742
312
691
912
629
743
37
62
181
182
184
82
675
146
147
942
774
855
577
455
642
920
327
8
10
947
56
807
677
680
177
179
905
9
12
208
638
906
911
941
654
514
817
41
602
543
217
293
444
466
39
433
399
139
140
930
183
615
311
313
707
1
2
111
684
879
878
880
254
925
730
731
278
927
921
237
238
393
279
896
255
538
291
374
508
549
153
155
132
108
744
601
511
460
443
102
547
573
574
627
420
421
759
178
417
418
191
187
637
653
919
926
411
377
419
900
30
70
631
634
650
924
668
673
144
450
88
161
162
467
923
710
711
939
783
785
340
447
355
503
908
134
210
211
164
166
408
754
869
34
769
845
569
145
251
275
660
661
57
26
676
679
471
955
733
105
378
635
404
636
938
843
626
936
559
563
564
804
805
824
827
68
320
321
322
253
277
534
892
325
326
257
536
280
296
630
150
902
904
448
725
732
738
350
589
137
274
250
533
492
504
575
328
330
353
44
48
298
216
96
97
840
842
61
979
25
489
490
611
980
415
800
445
961
782
323
391
779
809
35
194
231
232
234
91
831
835
745
270
334
335
336
338
917
403
405
229
20
21
687
716
115
300
440
757
758
197
72
560
622
623
434
435
821
354
356
186
717
718
967
719
295
832
833
834
497
429
750
491
736
65
66
73
258
185
488
230
655
901
965
343
345
966
663
496
844
803
154
241
604
764
74
79
349
838
903
689
690
705
706
741
973
98
740
971
720
721
724
970
384
828
829
830
969
14
16
31
526
544
747
78
81
80
898
968
918
249
143
273
138
141
555
556
15
787
964
268
272
19
24
49
678
681
665
119
438
442
50
401
160
196
47
551
976
506
287
972
802
737
822
963
722
109
110
483
89
468
469
523
669
55
59
542
645
648
84
85
93
94
616
958
894
813
890
819
853
617
619
620
621
6
535
174
954
239
499
500
172
173
352
640
957
781
811
959
397
470
818
820
383
552
452
962
344
346
263
865
83
207
224
825
826
889
163
784
667
672
674
288
529
612
960
579
580
584
530
329
331
739
557
151
71
513
516
550
671
451
475
798
481
38
410
528
459
396
407
881
32
33
974
649
502
850
712
713
714
22
586
587
591
478
480
136
479
610
975
261
539
283
897
157
159
603
625
701
-1
