DIMENSION : 980
TOUR_SECTION
804
68
151
71
127
453
158
775
192
659
860
220
202
557
739
329
331
530
91
232
231
234
835
831
336
335
334
338
270
745
579
584
580
529
612
960
288
671
672
674
667
784
452
263
962
344
346
397
470
818
820
383
552
895
348
286
422
513
550
516
799
195
546
524
522
641
386
956
385
788
907
319
639
318
851
430
215
169
170
362
363
414
937
413
122
123
376
585
106
337
608
486
484
266
297
359
58
613
670
67
567
568
777
465
493
494
365
495
225
369
190
203
243
697
696
458
870
910
699
204
206
205
276
474
885
482
692
694
269
124
703
112
116
114
135
588
427
431
547
460
511
601
744
132
108
726
929
861
862
395
228
209
928
212
183
863
18
632
23
801
932
358
498
772
456
457
773
582
583
576
244
264
449
340
447
428
794
873
60
519
565
566
644
217
543
466
602
293
444
723
883
304
394
416
702
294
54
17
40
554
233
760
382
381
400
501
41
817
514
654
911
941
92
749
341
306
675
82
181
182
184
62
942
146
147
774
855
455
642
786
867
871
548
856
618
245
899
367
946
446
246
167
171
339
75
945
299
129
247
131
248
347
156
848
652
846
847
628
944
505
509
290
11
943
292
118
285
262
485
487
213
214
683
581
188
461
590
307
948
852
531
682
657
412
342
685
53
52
872
686
315
454
103
43
42
462
284
857
977
558
371
507
201
854
727
728
553
874
46
409
953
709
242
517
375
735
101
165
512
816
594
596
595
808
776
314
593
592
309
317
947
8
10
56
327
562
301
87
357
406
877
598
950
149
949
360
7
751
515
914
913
193
436
756
755
795
797
302
951
64
888
884
545
152
63
765
198
836
572
882
373
664
666
796
789
791
790
518
3
886
815
814
463
464
839
51
561
221
222
606
605
646
379
380
920
259
281
715
768
4
473
688
704
402
577
570
107
199
441
940
887
36
125
126
13
200
148
780
695
693
677
680
807
905
177
179
12
9
208
638
698
37
743
312
742
651
691
912
629
906
541
45
607
540
370
521
748
426
180
841
849
433
39
600
931
771
333
175
113
117
95
930
139
140
399
922
656
785
858
390
875
876
240
783
939
711
710
467
923
161
162
88
450
267
477
868
104
223
27
708
615
144
673
668
313
311
707
879
684
880
878
2
1
111
153
155
374
291
508
549
538
255
279
896
921
927
278
731
730
925
254
650
924
631
634
70
30
900
419
377
411
653
919
187
926
637
191
417
418
178
238
237
393
421
420
759
627
574
573
443
102
532
933
100
424
364
425
271
934
510
289
701
603
157
625
159
729
734
252
398
372
893
282
753
260
537
752
236
500
499
239
535
174
954
6
620
617
619
621
853
819
173
352
172
957
640
93
94
85
84
958
616
890
813
894
959
811
781
889
825
826
645
648
542
59
55
89
523
469
468
669
483
109
110
722
865
224
207
83
822
963
273
143
918
249
141
138
556
555
15
163
272
268
787
964
737
802
526
544
80
898
968
81
78
747
972
287
506
976
551
47
973
689
706
690
705
741
98
971
740
724
970
721
720
384
16
31
14
828
969
830
829
119
665
24
19
49
681
678
438
442
50
401
196
160
903
838
349
79
74
283
897
261
539
610
136
975
479
478
480
586
591
587
22
714
712
713
502
798
481
38
649
32
33
974
881
407
396
459
185
186
435
434
528
410
475
560
623
622
821
354
356
717
967
718
719
295
833
832
834
115
300
440
758
757
197
72
850
764
604
241
154
803
844
496
663
345
966
343
716
229
687
21
20
405
403
917
451
750
429
497
965
901
230
655
488
491
736
492
504
533
250
274
137
589
779
809
902
904
738
732
725
350
194
448
150
296
280
630
536
257
277
892
253
534
326
325
322
320
321
563
564
559
626
936
843
938
636
404
164
166
408
754
869
34
635
145
845
769
569
251
275
57
660
661
26
955
471
733
676
679
782
35
323
391
575
330
328
353
48
44
65
66
73
258
842
840
96
97
216
298
415
445
961
800
489
611
980
490
25
979
61
609
69
658
767
770
859
351
389
90
978
86
891
643
597
762
761
763
120
793
614
647
378
105
265
130
952
5
746
423
256
909
133
324
766
633
28
624
361
29
432
128
915
810
472
700
837
142
121
392
388
387
520
823
527
525
99
303
305
476
308
219
218
578
806
366
176
864
866
316
662
235
226
227
310
332
211
210
134
355
503
908
812
189
168
916
368
571
76
77
792
439
935
437
778
599
824
805
827
-1
