DIMENSION : 980
TOUR_SECTION
921
278
927
70
650
924
634
631
30
419
900
377
411
926
919
187
637
653
191
178
417
418
237
238
393
896
279
759
421
420
627
574
573
460
443
102
547
427
431
588
576
582
583
244
264
168
189
812
908
503
355
340
447
134
308
476
392
121
142
366
806
219
218
578
176
864
332
310
866
316
909
256
952
5
130
265
105
378
614
647
43
103
42
454
315
977
558
857
351
389
609
979
61
980
490
489
611
25
978
86
891
643
90
284
462
597
763
762
761
120
793
733
955
471
26
679
676
961
445
800
782
323
391
809
779
35
902
904
150
448
725
738
732
350
451
917
405
403
20
21
229
716
687
442
438
119
665
681
678
49
24
19
272
268
787
964
556
555
15
163
452
383
397
818
820
470
286
422
568
567
550
516
513
671
348
895
552
674
672
667
288
960
529
612
784
584
580
579
745
270
335
338
334
336
835
831
194
232
234
231
91
530
329
331
739
557
465
777
493
494
495
365
220
860
225
369
190
659
202
151
71
192
775
453
127
599
778
827
824
804
805
68
320
322
321
326
325
534
253
277
892
257
536
280
630
296
57
661
660
251
275
145
569
845
769
34
869
636
404
938
408
754
635
423
746
662
227
226
235
166
164
843
210
211
626
936
564
563
559
935
437
439
792
76
77
158
571
916
368
114
116
112
135
532
933
100
424
934
425
271
364
510
701
603
625
159
157
289
482
692
694
124
703
269
203
243
697
696
458
205
204
206
276
474
885
910
870
699
398
729
734
252
372
893
282
753
260
752
537
236
239
535
174
954
6
173
172
957
352
640
853
819
617
621
620
619
499
500
169
170
413
937
363
362
414
297
266
359
58
486
484
376
585
608
106
337
613
670
67
195
799
524
522
546
215
122
123
430
386
956
641
385
788
907
639
318
319
851
890
813
894
958
616
93
94
84
85
542
648
645
59
55
89
469
669
523
468
483
110
109
722
822
963
825
826
889
781
811
959
344
346
962
263
865
224
83
207
138
141
273
143
249
737
802
918
898
968
80
81
78
747
526
544
31
16
14
829
828
969
830
384
724
721
970
720
972
287
506
551
976
47
690
973
705
706
689
741
98
971
740
50
401
160
196
903
838
261
539
897
283
349
74
79
241
604
764
154
803
844
496
663
966
345
343
440
757
758
197
300
115
833
832
834
295
719
717
967
718
186
356
354
821
435
434
623
622
72
560
475
798
502
850
713
714
712
22
591
587
586
480
478
610
136
479
975
649
32
974
33
881
407
38
481
410
528
396
459
185
488
901
965
655
230
497
429
750
533
250
589
137
274
492
504
575
415
298
216
48
44
328
353
330
491
736
65
66
73
258
96
97
842
840
69
770
658
767
859
371
507
201
686
872
854
727
728
553
874
46
709
101
735
242
375
314
593
592
808
776
594
596
595
165
512
816
309
317
8
947
10
56
327
562
380
379
605
646
606
259
281
920
4
715
768
688
704
473
402
570
107
199
441
940
887
677
680
807
905
179
177
638
208
9
12
36
126
125
13
200
148
780
695
693
691
312
651
742
698
37
743
629
912
906
92
541
45
607
540
370
521
240
390
876
875
841
849
426
748
180
654
514
911
941
466
817
41
602
543
217
293
444
723
565
644
566
628
505
509
944
118
487
485
213
214
262
285
945
299
75
129
247
131
248
347
943
292
11
290
652
846
848
847
156
749
341
306
675
82
184
182
181
62
942
147
146
774
855
577
642
455
786
871
867
548
856
618
899
245
367
339
171
167
246
946
446
796
518
3
789
790
791
815
814
464
463
839
51
221
561
222
357
87
301
406
517
877
598
950
953
409
149
886
360
7
949
751
515
913
914
193
664
666
882
572
836
765
63
436
756
755
795
797
951
302
64
888
884
545
152
52
53
685
342
412
657
682
324
766
133
624
633
28
852
948
531
198
461
373
188
683
581
810
472
915
128
590
307
432
29
361
700
837
387
388
520
823
303
305
99
525
527
519
60
873
883
702
294
54
40
17
554
233
760
382
381
400
501
394
416
304
117
113
175
333
771
931
600
39
433
858
783
939
711
710
467
923
785
267
477
656
922
399
140
930
139
183
863
95
794
428
18
23
632
932
801
449
358
498
456
772
457
773
601
744
511
255
538
291
508
549
374
132
108
726
929
862
861
928
209
212
228
708
27
615
223
104
868
88
161
162
450
144
668
673
313
311
395
707
153
155
1
2
111
879
684
880
878
254
925
730
731
-1
