DIMENSION : 980
TOUR_SECTION
594
596
595
512
165
101
735
242
375
709
517
406
357
87
301
562
379
380
920
259
281
715
768
4
688
704
473
402
570
107
199
36
887
940
441
125
126
13
693
695
868
267
785
923
467
710
711
939
783
858
450
88
162
161
477
656
922
140
139
930
399
183
228
209
928
212
708
27
104
223
615
144
673
668
707
313
311
701
159
157
625
603
252
729
734
753
282
893
260
537
752
236
169
170
413
937
362
414
363
266
297
58
359
486
484
337
608
106
613
585
376
215
430
122
123
524
522
546
286
348
895
422
550
516
513
671
739
329
331
530
612
960
529
288
672
667
674
784
194
831
835
234
231
232
91
584
580
579
745
270
334
335
336
338
451
917
405
403
229
20
21
687
716
115
300
966
343
345
757
758
440
197
72
623
622
435
434
821
354
717
718
967
719
295
901
965
655
230
488
186
356
834
832
833
429
750
497
736
491
492
504
533
250
137
274
589
779
809
391
575
330
353
328
48
44
298
216
489
980
611
25
490
57
660
661
26
679
676
955
471
733
643
891
978
86
90
609
445
961
800
415
782
323
35
902
904
150
448
725
732
738
350
630
280
296
257
536
703
775
571
158
189
168
368
916
112
116
114
427
431
135
532
510
100
933
364
425
424
271
934
289
885
474
276
269
124
694
692
482
220
860
225
190
369
203
495
494
493
365
568
567
799
195
67
670
243
458
697
696
205
204
206
910
870
699
372
398
500
499
535
954
174
6
239
620
621
619
617
853
819
640
173
957
172
352
93
94
55
59
89
669
469
523
468
483
645
648
542
84
85
958
616
894
813
890
851
318
639
319
907
385
956
641
386
788
452
552
383
818
820
470
397
781
959
811
962
344
346
825
826
889
263
865
207
224
83
109
110
722
822
963
141
138
555
556
15
268
787
964
163
272
19
24
49
681
678
665
119
438
442
50
663
844
496
803
154
604
764
241
349
79
74
838
903
160
196
401
971
740
970
720
724
721
98
741
973
689
705
690
706
47
506
551
976
287
972
384
969
828
829
830
14
16
31
802
737
918
80
898
968
273
143
249
747
544
526
81
78
261
539
897
283
480
478
975
136
610
479
587
586
591
22
713
712
714
649
33
974
32
881
407
38
481
798
502
850
475
560
528
410
459
396
185
258
73
65
66
96
97
840
842
979
61
770
658
767
69
859
351
389
284
462
558
977
857
103
42
43
454
315
371
507
201
854
727
728
553
874
46
409
953
598
950
877
790
789
791
796
814
815
463
464
548
871
867
245
899
367
446
946
246
666
664
882
572
836
198
852
948
531
682
412
657
633
28
324
766
265
130
952
5
256
746
423
662
227
235
226
316
866
332
310
864
176
806
366
392
142
121
219
218
578
308
476
387
388
520
823
525
527
519
60
873
883
304
117
113
175
394
416
40
17
294
54
760
400
382
381
554
233
702
723
444
293
217
543
602
41
817
514
654
941
911
466
433
39
390
240
876
875
849
841
180
426
748
521
370
540
607
906
45
541
92
341
306
248
131
247
129
75
299
945
285
292
943
290
11
509
944
505
118
485
487
262
213
214
683
581
461
373
188
167
171
339
618
786
642
455
577
855
774
146
942
147
181
182
184
82
675
62
37
743
629
912
698
651
742
312
691
780
200
148
12
208
9
638
807
905
179
177
677
680
749
846
652
847
848
156
628
644
566
565
347
700
837
472
810
590
307
432
128
915
29
361
624
133
909
134
211
210
164
166
408
635
251
275
145
569
845
769
34
869
754
404
636
938
843
936
626
559
564
563
805
824
827
804
127
453
192
659
202
465
777
557
326
325
277
253
534
892
321
320
322
68
151
71
599
778
935
439
437
792
77
76
812
908
503
355
340
447
428
794
632
18
23
932
801
449
264
244
456
772
457
773
582
583
576
588
547
102
443
460
574
573
420
421
759
393
237
238
418
178
417
191
411
187
653
919
926
637
900
419
377
631
650
634
924
30
70
254
925
730
731
921
278
927
878
880
879
684
1
2
111
155
153
291
508
374
549
279
896
538
255
627
511
601
744
132
108
726
861
862
929
395
498
358
863
95
333
931
771
600
501
99
303
305
105
378
793
120
763
761
762
597
647
614
685
342
152
53
52
872
686
884
888
545
64
765
63
951
302
797
795
756
755
436
193
518
3
913
914
515
751
149
7
360
949
886
856
51
839
221
561
222
606
605
646
327
947
8
10
56
776
808
314
593
592
309
317
816
-1
