    const int population_size = 600;
    const int max_generations = 6000;
    const int tournament_size = 15;
    const double init_mutation_rate = 0.08;
    const double final_mutation_rate = 0.005;
    const int elite_count = population_size * 0.1;
DIMENSION : 980
TOUR_SECTION
926
919
653
187
191
418
417
178
637
393
421
420
759
573
574
627
443
289
692
482
697
777
671
288
960
579
270
835
232
745
681
678
49
335
917
687
20
403
725
231
234
831
194
137
274
589
902
904
732
350
334
336
338
405
738
779
809
391
504
492
736
328
575
353
330
44
48
66
429
750
250
415
490
961
800
298
96
97
65
655
834
115
300
966
343
440
197
72
560
528
623
622
821
719
230
488
186
356
967
718
717
295
832
229
665
80
747
81
968
918
898
287
972
47
551
690
705
401
740
971
970
720
98
969
16
544
526
737
964
15
556
555
722
224
83
207
346
962
568
516
963
822
138
143
141
273
249
78
802
163
784
580
612
529
91
584
451
21
354
757
758
345
716
438
14
830
31
976
506
706
741
689
973
160
724
721
384
442
50
663
803
496
844
604
764
241
79
22
713
587
591
480
975
586
479
610
136
478
539
897
261
283
838
154
74
850
649
32
33
974
502
410
475
434
435
459
396
407
881
38
481
798
714
712
349
903
196
828
829
119
24
268
787
272
19
672
674
667
286
522
670
465
557
326
320
321
892
322
938
34
296
630
257
536
739
494
495
493
58
608
106
537
752
236
398
372
699
260
499
170
893
282
729
734
870
276
860
220
225
696
458
204
67
567
613
337
937
413
414
297
363
359
362
753
910
266
205
269
694
364
271
425
547
601
744
108
132
511
460
583
576
431
427
135
453
804
68
151
325
534
253
210
843
164
636
754
251
660
661
869
211
866
864
226
936
626
332
218
316
423
769
845
145
569
275
57
635
404
408
26
955
471
978
857
42
686
53
152
52
795
797
874
46
709
735
242
953
751
727
553
201
872
545
64
436
836
590
128
915
472
432
700
461
171
167
246
446
946
373
262
485
487
117
794
632
449
801
932
95
433
875
514
466
602
848
217
40
17
382
760
600
233
702
883
527
525
476
308
428
175
394
723
305
99
823
388
392
142
219
121
387
303
361
624
766
133
633
909
366
578
134
227
235
662
166
564
563
559
935
437
439
792
503
355
76
571
703
114
112
168
189
812
916
368
116
102
588
457
772
244
358
18
23
863
381
54
294
444
41
817
293
554
304
113
60
565
628
213
943
292
290
509
11
156
118
945
129
299
247
131
285
347
75
944
652
847
846
566
749
341
306
248
179
807
402
184
62
182
181
82
675
698
651
693
312
912
906
629
743
541
92
45
540
607
941
911
771
931
501
400
505
214
683
188
339
455
855
774
146
942
940
125
126
200
148
9
905
638
208
177
677
680
12
37
695
199
36
780
691
742
441
887
13
107
147
688
4
473
715
768
570
704
577
642
786
245
899
367
618
856
796
871
867
548
839
814
949
7
360
409
101
512
165
816
594
596
776
317
592
593
406
327
10
8
947
309
56
517
149
765
572
193
882
755
515
3
886
815
791
598
950
877
281
920
259
606
222
221
561
379
380
375
808
595
314
87
357
301
562
646
605
51
464
463
789
790
518
914
756
852
198
666
664
913
951
63
412
130
5
105
256
265
342
657
302
888
884
728
854
762
43
454
685
682
307
324
952
746
378
793
763
614
647
120
761
597
891
979
86
90
61
351
103
284
643
733
445
280
150
448
331
550
513
452
348
895
422
524
546
959
813
958
890
616
648
894
468
483
645
84
542
59
55
669
469
89
523
109
110
865
811
552
781
851
385
386
639
318
641
799
195
383
818
825
826
889
344
263
397
820
470
956
430
215
122
123
169
620
239
174
640
173
819
617
853
619
621
500
6
85
94
319
907
172
93
954
535
352
957
486
585
788
376
484
243
365
202
190
124
885
701
625
603
159
157
252
474
206
369
203
192
659
71
127
775
933
934
424
100
510
532
773
582
264
183
928
311
313
395
228
144
223
615
390
849
180
841
240
876
426
370
521
710
467
923
785
88
450
161
162
27
708
104
868
267
656
922
858
139
140
399
39
333
416
644
520
176
310
806
29
837
581
810
28
948
531
315
507
371
977
462
859
69
609
489
611
767
770
658
558
389
25
216
491
497
533
833
901
965
185
258
73
842
840
980
676
679
782
323
35
277
329
530
827
805
824
599
158
778
77
908
340
447
873
519
543
654
748
939
711
783
477
930
212
209
862
861
929
726
456
498
155
731
634
650
924
70
30
631
730
1
2
878
684
879
111
508
255
538
896
279
374
291
549
153
707
668
673
880
254
925
921
927
278
237
238
377
900
419
411
-1
