    const int population_size = 600;
    const int max_generations = 5000;
    const int tournament_size = 15;
    const double init_mutation_rate = 0.08;
    const double final_mutation_rate = 0.005;
    const int elite_count = population_size * 0.1;
DIMENSION : 980
TOUR_SECTION
387
527
305
142
121
392
310
332
210
636
277
325
320
253
892
827
564
559
439
932
801
863
140
930
183
858
656
433
39
382
723
702
17
54
294
416
501
931
175
554
233
381
444
41
760
40
217
565
810
128
29
472
590
766
256
793
120
42
43
558
763
103
351
658
767
842
840
69
770
859
611
980
490
274
350
194
91
234
331
530
739
799
422
895
348
67
494
365
495
613
337
486
297
413
266
359
123
585
608
58
870
752
363
362
170
169
260
537
236
500
617
535
619
620
954
174
499
621
819
640
172
85
958
318
639
907
788
215
851
319
890
239
6
853
937
252
753
282
474
269
692
289
102
427
116
583
582
456
601
153
538
896
744
108
155
393
420
255
627
574
279
178
70
631
637
419
634
924
395
726
862
929
498
447
340
355
626
812
114
112
916
571
71
860
225
203
190
276
694
271
510
532
547
443
573
460
511
759
421
237
418
411
191
919
187
653
278
927
731
921
238
650
30
926
925
900
417
377
254
730
1
111
161
144
267
923
710
467
785
88
939
875
849
944
505
213
487
262
188
373
836
52
882
852
133
578
308
117
304
476
823
837
946
871
856
367
899
245
446
167
666
796
515
751
7
949
360
149
950
598
409
953
46
709
874
951
302
198
531
948
682
412
633
5
662
235
316
754
404
843
804
824
805
563
127
243
204
465
68
534
536
257
630
845
26
643
489
25
97
96
48
330
323
391
779
809
904
448
725
738
732
137
902
150
296
660
676
679
408
164
166
227
226
366
806
176
864
211
134
866
938
322
321
326
329
202
220
369
659
124
775
192
703
368
264
449
76
935
778
437
936
503
908
428
794
113
333
400
941
45
540
240
911
841
771
922
390
748
370
607
912
629
906
743
742
312
691
695
37
347
129
214
485
285
11
292
943
461
700
303
746
423
130
952
324
909
624
28
361
219
218
99
388
520
525
293
602
92
541
341
248
290
156
847
509
118
683
664
339
246
171
82
181
247
75
299
945
131
628
566
581
432
915
307
657
265
105
635
661
782
445
961
44
73
258
901
185
186
622
821
623
528
475
396
410
649
974
587
838
539
33
502
798
459
435
434
354
967
719
356
560
72
663
803
496
197
718
833
230
66
65
298
216
415
800
979
90
978
891
284
462
762
761
471
955
275
145
569
769
251
869
34
280
35
57
231
579
580
584
674
288
667
672
452
959
894
352
957
173
523
55
59
645
648
84
825
962
865
822
963
109
542
483
669
89
468
469
110
722
224
207
263
138
273
249
143
737
802
830
828
526
80
918
141
556
555
15
898
81
78
968
544
747
972
287
47
897
261
349
154
844
903
586
713
79
591
714
764
241
22
480
975
478
610
407
881
479
136
283
850
38
481
32
712
74
604
300
832
429
750
745
612
960
777
557
151
158
588
576
424
364
425
100
934
701
157
625
603
729
893
910
699
372
734
398
159
482
885
205
458
696
106
670
195
286
811
397
383
552
470
163
19
438
50
971
740
384
970
98
705
741
973
689
706
690
196
724
720
721
551
976
506
16
969
31
14
829
119
442
687
405
917
403
229
758
757
440
160
401
716
115
834
497
736
491
504
250
533
492
20
21
343
966
345
295
965
717
488
655
232
831
835
334
335
338
784
820
818
524
484
376
122
522
781
344
346
83
826
889
813
616
94
93
430
956
546
386
385
641
414
206
697
933
135
431
773
457
772
358
928
209
104
868
477
600
654
180
521
426
876
783
711
162
450
311
313
668
673
707
615
228
212
861
879
2
684
880
878
374
291
549
508
132
23
394
817
543
514
466
644
848
846
652
749
306
62
182
675
184
774
147
942
146
704
473
4
715
455
786
867
839
51
357
877
562
281
768
807
905
177
9
12
780
200
125
199
441
148
126
13
36
887
940
107
677
680
638
208
693
651
698
179
402
570
688
920
605
259
379
380
301
221
561
646
606
222
87
406
375
165
594
593
592
512
101
242
517
808
776
314
317
309
8
327
56
947
10
816
596
595
735
886
3
814
815
791
789
855
577
642
618
548
463
464
790
518
193
913
572
765
797
436
914
756
755
795
553
872
686
201
854
888
152
63
545
884
64
728
727
53
342
378
685
614
647
733
597
857
977
454
507
315
371
609
389
86
61
353
328
575
589
451
49
787
665
681
678
336
270
24
272
964
268
529
671
550
513
516
568
567
493
453
599
189
168
77
792
244
632
18
399
223
708
27
139
95
883
873
60
519
-1
