DIMENSION : 980
TOUR_SECTION
176
142
864
219
578
218
388
527
644
487
290
847
565
41
760
426
748
841
240
390
875
783
710
923
939
162
267
39
922
711
858
399
930
139
183
223
104
708
228
209
928
27
862
498
726
929
583
431
364
124
276
696
243
225
368
453
269
916
189
77
127
935
76
114
158
792
439
908
503
340
428
632
801
23
18
358
932
794
883
863
140
931
876
540
312
651
698
742
12
9
807
146
905
638
675
184
248
247
945
299
129
75
618
642
259
464
3
46
406
10
562
920
4
473
570
181
62
179
680
36
148
200
125
780
177
743
37
182
82
704
768
577
339
245
188
373
167
292
306
156
293
444
17
700
432
342
685
657
461
400
113
333
771
433
668
161
785
144
450
88
925
238
278
653
411
153
538
108
212
95
447
308
472
128
581
543
217
466
941
849
521
467
477
656
868
615
684
2
155
511
132
744
772
449
112
100
510
482
694
692
474
885
603
910
893
734
729
252
870
205
458
494
220
536
902
589
732
448
667
672
584
963
722
822
110
89
468
669
865
268
207
109
820
383
397
781
959
811
958
94
93
84
85
616
813
890
639
648
55
469
59
523
542
645
483
346
344
452
674
329
530
567
365
282
752
537
699
753
236
170
266
297
206
204
372
398
169
260
58
608
202
697
369
190
203
599
571
812
168
264
576
582
588
244
773
457
443
460
102
659
68
564
936
563
626
437
778
824
166
164
763
647
351
859
103
633
307
590
810
837
806
366
392
476
305
303
60
175
394
501
381
294
702
723
873
817
54
40
554
382
416
117
304
600
180
911
514
233
519
823
99
525
387
355
134
332
310
408
404
938
34
827
805
843
316
235
746
210
226
251
323
415
979
507
315
686
857
977
761
284
558
42
371
65
48
490
97
25
61
609
389
462
767
96
73
842
611
980
800
961
762
597
793
614
64
53
198
572
213
262
214
848
943
131
347
341
602
654
607
541
370
846
944
509
652
566
683
852
412
624
28
324
29
682
52
765
63
756
436
553
953
101
816
327
380
402
942
677
208
695
629
92
505
628
361
866
569
534
630
738
91
234
231
194
831
745
163
24
49
529
232
580
335
338
336
229
917
270
334
784
516
739
934
933
424
159
701
157
625
703
116
425
289
427
532
135
547
601
395
1
549
291
508
374
421
237
418
178
573
574
627
255
896
30
926
637
650
70
417
919
191
419
377
900
187
759
420
279
393
730
731
631
924
921
927
634
254
878
707
313
879
880
311
673
111
861
456
271
192
325
869
145
378
423
662
636
211
559
804
321
326
860
799
195
484
585
376
337
106
613
493
495
568
67
486
359
499
413
937
362
414
363
500
621
619
853
352
640
173
819
172
957
174
535
6
954
239
620
617
894
825
818
889
826
851
386
641
215
123
122
430
319
318
546
524
286
552
348
895
777
465
151
71
775
557
257
277
320
253
275
661
660
635
769
754
845
471
676
955
43
152
874
302
951
795
882
796
886
815
814
856
463
791
790
867
789
666
664
755
914
913
545
888
854
728
884
797
515
357
548
871
839
409
149
727
872
454
445
86
90
658
69
840
330
44
66
328
504
137
429
391
779
35
296
322
331
904
150
274
575
655
488
719
354
434
345
757
966
343
300
440
72
714
881
974
407
396
435
798
481
33
136
586
591
712
283
261
897
713
38
410
623
475
758
196
47
706
689
741
690
705
16
14
526
273
918
80
78
81
747
976
970
401
663
154
587
479
610
649
502
844
604
241
496
764
74
349
22
480
975
539
32
850
478
79
838
973
903
160
803
740
720
898
968
737
555
15
83
263
962
470
907
788
385
670
956
522
422
550
513
671
612
960
835
288
579
19
138
141
249
143
556
224
802
964
787
272
678
681
438
98
287
724
384
721
971
506
551
972
31
828
969
830
544
829
665
119
442
50
716
405
451
403
21
687
197
718
901
965
356
717
230
295
560
528
622
821
186
967
459
185
250
750
350
20
115
497
491
736
832
834
833
258
216
492
533
809
782
679
5
952
130
265
766
133
909
915
836
948
531
520
121
485
11
749
45
912
906
693
691
126
940
199
441
13
887
107
688
281
646
51
222
221
246
446
367
285
118
171
855
147
774
715
605
606
379
8
87
301
877
950
7
949
360
751
598
518
193
946
899
455
786
561
517
375
242
776
595
596
165
512
594
735
314
592
593
309
56
947
317
808
709
201
120
105
733
978
891
770
643
489
298
353
725
280
892
57
26
256
227
-1
