DIMENSION : 980
TOUR_SECTION
643
558
597
955
952
472
644
566
213
28
361
810
683
581
188
171
3
790
515
797
302
598
4
281
704
455
856
464
791
756
872
614
685
371
857
891
762
471
660
679
34
404
166
164
661
635
145
275
938
332
219
392
590
307
412
342
130
823
873
304
416
400
748
370
607
45
906
711
162
925
291
549
212
209
228
1
395
861
928
868
223
88
923
161
144
673
707
2
311
104
27
708
399
863
444
702
883
554
382
628
118
841
875
876
521
390
433
39
654
849
930
140
139
615
684
878
631
155
508
374
929
862
132
153
538
420
627
443
934
276
369
608
458
206
734
260
699
58
297
413
819
319
890
84
813
430
499
239
639
318
385
853
94
483
109
143
138
964
272
784
895
348
552
452
383
470
422
286
777
202
805
804
280
35
904
296
630
534
513
550
910
269
694
703
204
696
613
585
123
122
67
365
484
697
243
337
215
641
956
788
889
397
826
962
781
825
616
542
645
963
822
722
81
689
973
706
496
74
354
966
716
440
300
345
343
356
622
72
757
197
758
295
719
967
718
717
497
250
330
779
448
732
194
232
234
750
405
338
334
335
681
438
442
665
229
491
736
97
65
66
230
186
821
434
623
560
410
396
407
528
459
185
488
901
435
475
154
803
160
196
721
830
16
829
969
844
798
881
539
897
261
283
479
587
850
481
649
480
478
551
747
31
14
119
50
832
655
965
492
137
575
323
57
251
26
733
647
42
284
658
69
73
258
353
589
533
350
809
274
48
96
216
328
504
725
738
917
403
687
20
21
336
678
49
19
580
831
288
612
674
745
329
331
959
894
958
620
619
535
621
617
93
352
640
954
174
6
500
169
236
937
851
907
386
811
344
346
820
818
263
83
207
865
523
468
55
273
80
918
787
24
163
584
579
672
494
493
885
424
100
510
363
362
170
376
522
670
106
414
266
870
752
537
372
729
398
282
753
893
252
603
474
482
456
583
576
582
457
772
498
427
573
574
460
102
124
112
135
127
158
76
340
559
105
5
265
316
476
305
527
700
806
142
355
503
936
824
827
599
447
908
812
77
916
168
189
449
932
18
801
571
775
114
532
289
271
933
431
368
264
244
588
511
313
783
785
710
477
267
771
333
54
723
17
175
293
519
117
394
40
233
388
95
632
428
99
525
60
113
501
381
217
565
290
652
847
541
509
944
299
915
837
624
133
657
948
682
951
63
64
888
728
755
436
664
373
882
666
461
198
766
909
746
423
662
439
935
626
778
192
437
792
277
253
257
320
321
150
671
667
739
225
190
203
151
465
220
495
557
530
516
567
546
486
799
195
568
960
529
91
231
835
270
451
902
611
489
61
842
840
351
389
462
103
378
201
52
152
43
120
226
866
211
754
408
636
843
210
134
564
563
769
845
869
536
892
326
325
322
68
71
860
659
453
116
547
744
108
183
656
922
858
426
240
467
450
939
180
92
514
41
817
760
294
931
600
543
602
848
911
540
691
208
181
675
62
285
75
129
248
306
347
11
505
262
214
485
943
292
131
680
638
37
182
743
184
942
855
774
167
618
905
146
147
698
912
312
651
629
749
341
466
941
156
846
487
128
852
545
315
884
727
854
53
836
572
193
796
786
339
245
867
946
246
446
577
259
380
646
222
815
913
518
914
149
360
406
87
327
301
221
877
51
606
605
561
920
688
379
642
871
899
367
768
357
562
10
947
56
776
309
317
512
595
165
594
592
816
593
808
517
409
709
596
735
375
242
950
8
314
874
953
46
751
7
463
839
548
715
473
402
570
177
742
13
200
940
441
126
693
677
12
9
125
887
107
148
780
695
36
199
179
807
247
82
945
387
121
366
218
520
303
308
794
23
358
773
601
880
111
668
879
254
634
730
926
653
927
921
726
279
237
238
421
759
255
900
278
924
70
650
919
418
187
731
30
637
191
419
377
411
417
178
393
896
157
625
364
692
701
159
425
205
359
524
173
957
172
85
89
110
469
648
59
669
249
802
268
556
141
555
224
15
544
526
976
972
287
78
898
968
737
828
724
720
970
401
971
705
506
47
741
903
98
740
384
690
838
349
22
975
610
586
79
136
591
714
712
713
502
32
974
33
38
764
604
241
663
833
115
834
429
676
793
686
761
763
800
415
86
782
569
235
578
864
227
310
176
256
633
324
432
29
531
765
789
814
886
949
101
795
553
507
454
977
770
767
90
25
490
298
961
391
445
44
980
979
609
859
978
-1
