
    const int population_size = 600;
    const int max_generations = 3000;
    const int tournament_size = 15;
    const double init_mutation_rate = 0.08;
    const double final_mutation_rate = 0.005;
    const int elite_count = population_size * 0.1;
DIMENSION : 980
TOUR_SECTION
807
774
455
561
360
949
751
149
7
815
664
666
188
290
749
312
82
248
347
945
683
485
847
848
131
691
208
638
182
179
695
742
780
125
887
126
905
942
306
341
943
948
531
436
598
409
953
709
375
46
3
791
553
854
658
96
65
66
185
20
663
197
758
440
343
115
736
717
497
429
738
35
323
391
274
732
575
328
492
350
137
589
750
232
231
831
194
448
150
902
579
960
277
516
895
331
892
408
636
57
661
754
769
34
471
660
275
938
251
226
361
461
810
700
837
519
444
175
60
332
520
883
543
628
602
817
41
293
702
54
381
11
509
292
129
167
171
285
217
760
794
18
264
908
503
869
679
86
445
676
891
842
389
454
265
682
412
152
43
686
857
859
462
770
840
977
52
378
507
727
872
302
432
128
446
856
357
406
867
221
4
379
605
680
9
12
177
577
688
147
181
677
940
570
786
899
618
299
156
466
514
333
140
861
393
291
508
924
653
921
538
460
532
453
192
127
112
358
183
863
527
75
62
473
441
698
743
906
675
184
629
540
390
708
27
223
615
707
104
710
711
450
162
785
139
862
395
668
684
879
549
111
374
153
878
880
922
304
931
771
95
340
936
778
582
726
928
212
399
876
161
88
656
923
939
875
652
944
644
472
852
572
836
214
566
654
600
554
233
433
858
930
108
2
1
113
117
39
180
941
748
841
501
632
932
428
447
211
843
404
164
166
662
324
26
533
230
488
979
643
647
614
103
284
351
371
53
657
590
766
915
213
846
118
487
262
505
565
873
99
476
303
723
382
400
394
868
849
541
45
911
240
426
607
912
13
148
37
651
693
36
200
521
370
267
477
467
783
92
247
146
855
464
518
913
515
909
342
307
121
134
388
387
294
17
40
416
305
310
235
864
176
189
168
775
571
158
916
124
703
269
692
203
369
659
493
494
225
220
860
753
282
169
937
413
500
699
58
537
414
236
260
372
204
458
266
297
608
613
170
499
621
174
6
620
619
957
640
853
819
430
318
851
811
422
190
202
68
563
439
437
368
812
76
77
599
792
805
827
321
536
845
782
630
280
257
635
227
210
626
935
559
71
398
729
694
482
157
603
885
734
289
425
933
424
271
364
934
100
102
627
701
910
495
799
962
641
907
956
386
337
484
486
376
243
696
697
474
510
576
449
355
219
578
142
806
366
392
308
244
773
114
276
206
205
385
546
359
752
893
106
674
745
787
802
964
737
81
80
78
720
268
141
163
671
383
825
94
483
523
468
669
616
59
645
110
109
722
207
555
249
273
143
384
969
829
828
287
897
283
261
690
196
98
741
551
16
31
721
345
74
713
587
586
22
479
32
850
401
724
970
830
833
403
835
329
325
253
322
824
564
804
320
151
145
423
866
218
525
823
801
23
457
209
929
744
132
601
547
511
279
759
421
237
254
927
417
70
650
634
925
278
919
418
187
191
238
730
731
178
419
926
637
631
30
411
377
900
896
228
144
311
673
313
155
255
574
625
159
443
135
431
427
116
772
456
498
583
588
573
420
252
870
363
362
123
585
670
557
777
365
568
195
524
788
617
239
535
954
172
93
224
556
918
968
972
47
903
971
604
79
764
539
591
33
481
396
649
502
974
975
136
38
803
740
19
678
681
687
584
580
534
326
465
67
567
522
639
319
122
215
344
452
83
346
552
959
85
889
469
542
890
648
55
89
470
781
826
958
813
352
173
84
894
397
612
451
234
296
569
316
746
130
952
5
256
133
29
581
193
874
797
28
633
761
69
61
980
965
718
719
655
901
356
186
528
560
967
298
490
25
97
330
504
216
961
90
489
44
258
558
315
888
685
793
597
609
767
73
48
353
405
491
250
91
513
818
286
348
820
288
529
784
530
739
672
667
15
963
822
138
865
119
24
272
263
665
832
834
544
976
506
526
898
14
747
706
705
973
689
160
442
50
757
496
844
838
241
966
434
821
478
610
714
712
480
475
300
295
407
881
435
623
622
154
349
798
410
459
72
354
716
336
270
550
338
335
334
21
49
438
229
917
904
809
779
725
415
978
762
733
955
611
800
763
105
884
545
951
64
42
120
201
728
886
814
839
789
790
877
51
222
920
301
380
808
776
596
512
101
327
562
314
735
593
517
950
198
765
755
624
63
795
796
756
914
882
373
339
946
246
367
245
10
947
87
595
165
592
8
56
309
317
816
594
242
463
259
606
715
704
199
402
642
646
548
871
281
768
107
-1
