
    const int population_size = 600;
    const int max_generations = 2000;
    const int tournament_size = 20;
    const double init_mutation_rate = 0.08;
    const double final_mutation_rate = 0.005;
    const int elite_count = population_size * 0.1;

DIMENSION : 980
TOUR_SECTION
705
720
971
287
80
737
14
829
31
544
526
747
78
16
442
665
745
579
234
231
194
902
323
793
103
770
351
977
371
531
948
52
553
797
436
882
464
87
357
406
816
101
874
727
728
888
152
53
657
766
28
307
866
211
166
226
662
332
864
235
316
686
614
763
859
454
762
597
685
201
767
558
857
43
42
64
545
63
756
198
765
852
461
945
642
184
651
783
426
390
922
876
600
17
394
428
223
930
139
654
180
370
875
45
607
841
514
629
691
540
92
906
466
846
628
290
848
11
247
347
62
675
131
312
698
179
441
107
715
177
146
147
12
13
126
9
940
208
577
677
807
199
646
222
598
302
951
590
432
262
214
487
543
760
293
602
566
156
700
683
946
167
855
306
695
693
125
36
780
743
181
942
82
742
148
341
749
339
618
171
188
814
7
796
789
751
3
518
463
877
791
548
856
867
605
920
473
704
380
10
56
309
593
8
592
808
375
512
776
317
301
327
314
594
735
596
595
165
46
953
242
947
561
221
886
871
606
402
455
281
259
768
570
905
887
638
541
416
54
771
399
554
723
340
447
60
932
95
928
726
862
395
228
153
278
684
939
433
748
941
644
233
911
41
113
117
444
400
140
615
708
27
456
255
730
393
417
634
631
411
744
102
206
276
203
71
697
124
694
934
364
425
603
157
458
870
482
474
933
424
112
368
116
860
243
568
659
778
935
916
626
355
134
176
812
77
114
427
264
457
772
583
588
576
23
311
450
104
656
923
88
161
711
868
144
2
267
849
931
501
304
294
863
908
127
805
824
792
244
449
801
18
333
382
817
381
702
873
189
503
39
521
467
785
240
477
858
710
209
183
162
878
926
924
155
673
861
212
431
574
627
759
637
191
900
178
498
707
668
313
1
880
927
731
420
421
538
279
358
773
158
703
271
453
599
936
571
511
132
601
108
111
508
291
374
879
925
237
377
30
70
418
419
653
650
254
919
187
896
238
549
921
929
460
159
532
135
100
192
269
625
893
729
699
937
297
266
486
430
337
123
58
910
701
696
804
564
827
563
754
256
142
305
527
883
519
308
476
806
310
210
559
843
164
34
26
845
769
569
676
145
275
679
471
660
66
48
216
25
980
611
61
609
854
884
633
412
682
915
128
121
624
324
373
446
664
815
786
839
193
572
755
795
149
517
562
379
51
950
709
872
378
647
761
462
120
265
5
635
733
800
961
978
105
955
251
869
408
636
404
150
536
325
439
437
76
630
938
746
130
315
284
445
489
298
891
90
979
97
490
389
658
69
842
96
258
65
491
20
67
524
195
813
318
619
819
617
376
853
620
499
537
282
753
398
260
752
734
372
289
547
443
573
510
692
885
252
362
414
585
204
205
775
168
582
632
794
175
303
219
392
227
520
525
837
823
387
388
99
218
578
810
29
952
342
361
472
133
366
423
909
836
949
360
913
581
217
40
565
847
944
505
509
292
485
75
129
299
285
652
213
118
248
943
245
774
4
688
680
200
37
912
182
899
367
246
666
790
914
515
409
507
840
736
497
434
435
575
779
809
274
353
250
904
672
787
81
976
47
689
401
196
160
973
706
740
968
969
506
903
757
604
591
713
502
901
655
488
73
44
230
833
623
560
459
197
186
965
451
738
329
495
567
667
338
716
115
229
429
504
391
643
86
330
137
725
492
415
782
35
57
661
589
732
350
835
831
533
328
300
832
834
622
185
354
475
481
528
396
881
33
38
798
410
974
22
649
712
714
32
479
283
586
690
551
972
838
850
407
587
897
98
721
724
384
918
224
263
268
802
272
962
818
452
674
552
397
422
799
546
670
365
369
493
225
190
151
68
257
280
296
534
892
326
557
320
277
322
253
321
739
331
91
232
448
530
671
529
516
438
24
784
15
346
109
865
648
110
207
83
889
616
894
94
954
93
957
173
640
85
174
6
535
239
500
236
169
215
641
907
352
319
639
781
470
550
895
348
960
612
288
584
580
270
163
335
917
403
405
21
717
967
821
295
356
718
719
345
50
663
496
844
803
970
830
828
681
119
678
556
958
469
89
84
645
468
959
385
170
413
363
122
484
359
106
613
608
522
465
220
202
777
494
513
811
523
59
55
669
483
826
825
383
542
172
621
890
386
851
788
956
286
820
344
963
249
898
141
555
138
143
273
722
822
49
964
19
687
336
334
750
72
966
343
758
440
764
154
349
741
79
241
480
478
975
136
610
261
539
74
-1
