    const int population_size = 600;
    const int max_generations = 2000;
    const int tournament_size = 15;
    const double init_mutation_rate = 0.08;
    const double final_mutation_rate = 0.005;
    const int elite_count = population_size * 0.1;
DIMENSION : 980
TOUR_SECTION
790
815
51
947
317
8
165
595
101
735
598
87
406
10
56
314
816
596
808
776
592
301
517
953
709
409
64
507
462
658
558
42
43
284
840
97
258
488
821
434
655
901
716
229
403
336
115
718
623
33
897
539
283
850
349
154
663
757
974
47
74
838
79
38
407
502
591
528
72
834
719
295
410
459
560
971
50
438
442
706
976
970
724
690
903
604
649
136
610
881
396
216
736
491
504
274
323
800
497
66
65
435
622
32
241
712
481
975
475
798
496
160
689
384
747
119
969
972
506
720
802
80
287
551
830
440
687
973
544
787
272
579
580
831
917
584
745
835
589
667
568
329
892
277
296
961
643
609
69
44
73
725
833
717
740
741
721
829
665
678
231
234
452
513
286
671
494
225
190
204
260
398
276
364
100
482
933
425
424
289
573
547
532
510
157
537
641
385
851
781
110
109
83
918
968
555
141
224
865
19
550
529
784
270
163
49
24
964
722
963
648
55
542
889
825
669
822
556
15
348
422
470
907
337
493
220
271
588
427
726
374
508
538
393
420
927
254
2
155
153
880
111
313
237
925
919
926
70
879
684
615
161
549
419
637
653
178
417
279
187
634
631
731
921
730
238
574
759
699
266
363
282
252
205
910
937
608
123
484
359
174
620
486
362
372
170
619
122
430
853
813
94
85
890
894
263
674
799
195
777
530
91
451
250
779
288
895
552
397
959
958
811
344
616
318
957
956
84
59
469
645
93
640
352
617
819
820
612
630
35
251
793
614
657
412
915
837
520
121
909
26
636
769
661
105
952
256
423
977
770
351
978
782
809
575
389
767
90
298
61
489
611
445
201
315
120
647
872
884
854
874
765
436
797
756
360
839
920
259
715
4
704
13
148
200
9
940
441
126
125
887
199
146
774
107
651
37
677
768
473
871
3
245
867
380
357
222
548
463
814
562
327
221
605
379
281
646
606
786
855
942
577
177
680
846
847
652
848
858
477
180
240
333
233
723
931
399
930
140
771
863
932
449
456
433
39
817
139
95
794
773
707
929
862
212
132
457
114
916
576
439
935
340
801
812
355
503
860
124
772
244
582
583
599
827
805
68
563
34
635
130
679
275
321
253
569
316
864
210
806
472
700
361
387
366
766
685
378
86
842
96
25
490
980
979
857
371
859
103
342
682
531
198
302
951
63
888
728
553
572
618
402
688
455
561
594
512
309
593
46
375
242
464
167
367
899
856
642
570
905
312
629
691
521
370
45
607
912
181
208
179
693
698
743
36
695
742
780
12
807
638
184
92
675
62
147
749
82
347
131
248
247
290
466
941
382
760
54
304
175
40
501
911
565
628
509
505
444
527
476
514
876
849
540
906
306
341
339
666
262
299
485
581
292
214
487
543
519
217
554
113
416
702
17
400
60
566
944
541
654
41
332
202
739
232
150
326
322
331
845
754
955
660
145
429
345
346
788
376
585
752
413
729
734
159
603
625
753
893
236
885
694
692
474
269
775
127
368
235
310
218
308
99
823
866
938
280
536
257
676
404
164
824
158
453
112
189
936
564
843
325
960
465
696
369
458
192
151
320
534
448
902
904
350
391
732
738
194
681
268
818
613
106
546
522
567
365
557
67
215
639
169
6
386
524
962
523
207
383
672
405
343
844
758
197
300
137
21
20
750
330
965
230
356
186
714
764
354
832
185
48
415
492
353
328
533
967
966
338
334
335
516
826
138
78
98
196
31
526
828
705
803
713
478
587
479
480
22
261
586
401
16
14
898
81
273
249
737
143
89
483
468
172
239
173
954
535
500
243
495
659
203
697
870
297
670
206
414
499
621
319
58
71
934
443
627
418
411
421
511
701
703
116
168
447
23
18
428
134
624
307
128
810
388
392
219
176
662
226
118
285
602
293
294
394
381
883
873
305
117
708
209
183
632
358
76
77
571
431
135
778
792
525
303
142
133
5
265
227
211
746
597
761
891
763
733
762
152
53
454
686
52
852
28
29
590
213
945
796
188
789
946
446
246
373
461
948
836
755
795
914
882
11
129
943
75
182
156
644
841
875
600
223
939
426
748
162
88
390
783
785
711
923
710
467
267
656
450
928
861
291
868
144
27
228
311
673
922
104
498
108
255
896
278
191
650
900
377
924
30
1
878
668
395
744
460
102
601
264
908
437
804
626
559
869
408
471
57
166
578
633
432
324
545
727
751
515
664
683
171
791
7
949
950
877
149
886
193
913
518
-1
