    const int population_size = 500;
    const int max_generations = 2000;
    const int tournament_size = 15;
    const double init_mutation_rate = 0.08;
    const double final_mutation_rate = 0.005;
    const int elite_count = population_size * 0.1;

DIMENSION : 980
TOUR_SECTION
119
968
747
138
141
143
163
958
542
669
55
468
85
84
110
89
483
59
648
640
957
617
619
172
616
639
818
522
122
337
414
893
458
204
474
243
58
493
365
805
437
439
578
308
310
559
192
112
443
102
289
692
599
427
116
453
100
271
625
424
158
703
203
127
812
571
269
425
482
364
934
933
603
159
157
734
252
398
206
484
486
885
276
369
494
67
568
870
557
530
516
959
352
621
236
500
753
282
286
524
546
956
907
385
894
397
962
452
268
787
49
681
579
831
835
405
334
442
971
803
196
975
136
591
714
440
356
655
330
504
732
451
611
979
609
489
96
97
434
966
663
479
32
79
623
496
98
741
973
689
560
354
295
488
230
586
587
974
881
407
481
38
502
838
47
690
972
261
478
539
506
14
526
544
802
829
16
898
81
964
24
678
438
969
287
480
410
798
610
72
396
850
74
649
186
834
833
250
73
980
323
471
733
938
636
404
166
251
130
952
145
320
534
322
626
936
909
218
60
217
426
541
45
932
773
547
627
921
70
924
178
637
30
919
759
511
573
393
108
132
929
549
279
896
187
237
420
291
421
418
278
927
631
634
255
311
2
878
144
744
632
931
183
498
601
114
916
582
908
226
164
583
368
189
77
935
827
864
392
806
388
99
219
447
428
41
333
175
233
416
382
600
294
520
519
760
433
113
794
863
930
922
390
906
748
711
540
505
487
810
304
358
264
892
220
659
321
904
91
194
674
529
672
329
422
851
781
813
173
93
853
890
123
608
376
430
613
266
585
413
383
263
15
346
344
645
249
80
918
724
160
349
897
283
33
528
719
497
48
298
661
256
105
761
284
63
664
795
914
913
193
3
360
409
735
165
512
309
317
314
101
593
595
242
646
455
577
940
199
677
743
543
514
654
858
656
228
726
673
212
104
1
254
879
707
684
374
153
538
701
510
532
460
772
576
124
694
775
71
68
778
190
910
697
170
620
499
954
239
174
535
6
319
195
641
318
469
825
94
523
811
552
671
820
386
788
359
106
260
537
729
215
819
550
739
567
799
895
584
580
667
513
288
612
231
391
891
445
763
762
857
793
42
685
686
531
378
597
342
643
90
25
216
86
120
978
842
61
961
800
490
258
66
65
492
589
257
536
350
725
782
955
660
57
35
137
274
448
277
296
280
326
960
338
20
720
903
705
154
764
970
197
185
718
717
967
300
115
965
229
750
533
736
415
232
270
745
335
336
665
403
687
429
353
491
575
738
325
331
234
21
345
917
832
901
459
435
757
343
50
844
401
706
384
272
19
784
963
224
976
551
737
31
721
740
758
821
716
712
22
713
604
241
475
622
44
328
389
315
859
69
840
809
150
779
902
977
872
149
950
7
302
797
198
856
446
867
815
886
463
839
517
594
596
776
808
10
947
357
406
606
790
518
751
436
515
188
167
666
871
548
118
945
62
942
182
177
905
675
37
179
12
680
807
208
473
4
768
301
816
592
562
380
259
8
327
87
379
56
375
46
953
709
553
728
884
64
874
727
854
888
545
814
222
107
148
13
9
688
402
147
341
652
509
306
299
146
638
181
125
200
920
704
786
51
561
949
836
682
133
746
423
235
635
569
408
754
630
253
769
26
679
676
462
770
351
454
371
767
103
507
201
765
946
749
40
17
771
23
117
801
76
18
227
843
34
824
564
316
866
387
525
817
293
156
847
944
628
581
11
75
184
691
629
695
312
780
887
281
605
221
441
126
36
693
698
742
82
347
247
855
246
171
339
791
796
899
715
570
774
367
642
618
245
912
841
602
466
848
262
943
292
248
92
180
923
240
785
450
399
708
615
668
162
161
88
911
39
521
607
849
875
400
54
501
244
209
710
313
588
861
111
880
928
868
477
267
139
527
305
633
128
590
789
877
464
598
756
755
572
152
53
647
265
662
324
845
275
869
332
211
210
134
355
340
503
303
476
142
28
5
657
951
52
948
683
915
873
381
566
285
129
214
213
290
846
644
565
485
472
432
121
176
366
700
882
373
461
307
412
43
658
558
614
852
29
766
624
361
883
823
837
792
574
508
417
731
926
900
377
191
653
411
238
650
419
730
155
925
223
395
27
783
939
467
876
370
651
131
941
723
394
702
444
554
95
862
140
431
457
449
168
225
495
465
202
205
696
699
752
169
937
670
297
362
363
372
135
456
563
804
151
860
777
348
826
822
207
555
556
865
889
470
83
109
722
273
78
828
830
-1
